a0/c^2=2.63e-34 eV rhoDM=3.07e-06 eV^4 ; identification BK<->kelvons : L_v = 3 m Lambda sqrt(Lln), Lambda = sqrt(a0 MPl/alpha^3)
alpha Lambda(meV) m(eV) f_s l_v(um) v/c g4_req(l_v>>xi) g4_EFT tau(s) P_req/(rhoDM H0)
1 1.7915 0.1 0.03 4.8 0.825 3.7e+02 2.1e-01 1.3e-13 1.1e+28
1 1.7915 0.1 1.0 4.8 0.825 1.1e+01 2.1e-01 1.3e-13 3.8e+29
1 1.7915 0.3 0.03 2.8 0.476 1.0e+04 6.9e-02 1.3e-13 3.8e+27
1 1.7915 0.3 1.0 2.8 0.476 3.0e+02 6.9e-02 1.3e-13 1.3e+29
1 1.7915 1.0 0.03 1.5 0.261 3.7e+05 2.1e-02 1.3e-13 1.1e+27
1 1.7915 1.0 1.0 1.5 0.261 1.1e+04 2.1e-02 1.3e-13 3.8e+28
1 1.7915 3.0 0.03 0.9 0.151 1.0e+07 6.9e-03 1.3e-13 3.8e+26
1 1.7915 3.0 1.0 0.9 0.151 3.0e+05 6.9e-03 1.3e-13 1.3e+28
10 0.0567 0.1 0.03 26.9 0.147 1.2e+01 2.1e-01 4.1e-12 1.1e+25
10 0.0567 0.1 1.0 26.9 0.147 3.5e-01 2.1e-01 4.1e-12 3.8e+26
10 0.0567 0.3 0.03 15.5 0.085 3.1e+02 6.9e-02 4.1e-12 3.8e+24
10 0.0567 0.3 1.0 15.5 0.085 9.4e+00 6.9e-02 4.1e-12 1.3e+26
10 0.0567 1.0 0.03 8.5 0.046 1.2e+04 2.1e-02 4.1e-12 1.1e+24
10 0.0567 1.0 1.0 8.5 0.046 3.5e+02 2.1e-02 4.1e-12 3.8e+25
10 0.0567 3.0 0.03 4.9 0.027 3.1e+05 6.9e-03 4.1e-12 3.8e+23
10 0.0567 3.0 1.0 4.9 0.027 9.4e+03 6.9e-03 4.1e-12 1.3e+25
100 0.0018 0.1 0.03 151.3 0.026 3.7e-01 2.1e-01 1.3e-10 1.1e+22
100 0.0018 0.1 1.0 151.3 0.026 1.1e-02 2.1e-01 1.3e-10 3.8e+23
100 0.0018 0.3 0.03 87.4 0.015 1.0e+01 6.9e-02 1.3e-10 3.8e+21
100 0.0018 0.3 1.0 87.4 0.015 3.0e-01 6.9e-02 1.3e-10 1.3e+23
100 0.0018 1.0 0.03 47.9 0.008 3.7e+02 2.1e-02 1.3e-10 1.1e+21
100 0.0018 1.0 1.0 47.9 0.008 1.1e+01 2.1e-02 1.3e-10 3.8e+22
100 0.0018 3.0 0.03 27.6 0.005 1.0e+04 6.9e-03 1.3e-10 3.8e+20
100 0.0018 3.0 1.0 27.6 0.005 3.0e+02 6.9e-03 1.3e-10 1.3e+22
reseau de rotation m=0.1 eV : l_v = 1.69e+09 m vs requis (alpha=1) 4.79e-06 m
reseau de rotation m=0.3 eV : l_v = 9.78e+08 m vs requis (alpha=1) 2.76e-06 m
reseau de rotation m=1.0 eV : l_v = 5.36e+08 m vs requis (alpha=1) 1.51e-06 m
reseau de rotation m=3.0 eV : l_v = 3.09e+08 m vs requis (alpha=1) 8.74e-07 m